              precision    recall  f1-score   support

           A       1.00      1.00      1.00        11
           B       1.00      0.91      0.95        11
           C       1.00      1.00      1.00        11
           D       1.00      1.00      1.00        11
           E       0.91      0.91      0.91        11
           F       0.77      0.91      0.83        11
           G       0.85      1.00      0.92        11
           H       0.85      1.00      0.92        11
           I       1.00      0.91      0.95        11
           J       0.85      1.00      0.92        11
           K       1.00      0.91      0.95        11
           L       1.00      0.91      0.95        11
           M       1.00      0.91      0.95        11
           N       1.00      1.00      1.00        11
           O       1.00      1.00      1.00        11
           P       1.00      0.73      0.84        11
           Q       1.00      1.00      1.00        11
           R       1.00      0.91      0.95        11
           S       1.00      1.00      1.00        11
           T       1.00      0.91      0.95        11
           U       1.00      1.00      1.00        11
           V       1.00      0.91      0.95        11
           W       0.92      1.00      0.96        11
           X       0.92      1.00      0.96        11
           Y       1.00      1.00      1.00        11
           Z       0.92      1.00      0.96        11

    accuracy                           0.95       286
   macro avg       0.96      0.95      0.95       286
weighted avg       0.96      0.95      0.95       286
